1
9
6
33
39
72
94
126
165
208
220
282
319
396
432
503
568
643
698
789
855
937
1014
1116
1197
1316
1413
1520
1616
1770
1837
1980
2116
2261
2377
2543
2600
2827
2954
3118
3243
3417
3577
3710
3890
4078
4240
4402
4588
4808
4963
5174
5349
5636
5881
6021
6189
6448
6723
6895
7125
7361
7622
7776
8127
8283
8528
8835
9118
9365
9643
9939
10163
10494
10735
11034
11263
11628
11896
12221
12543
12788
13148
13468
13814
14095
14361
14709
15075
15484
15772
16170
16579
16786
17247
17628
17921
18344
18772
33
33
33
33
33
33
33
33
33
33
33
33
33
33
33
33
33
33
33
33
33
33
33
33
704
33
33
33
33
33
33
33
1
33
33
33
33
33
33
33
33
33
33
33
33
33
33
33
33
1
33
33
33
18772
18772
18772
18772
18772
18772
33
165
208
1
1
1
1
1
1
9
1
1
1
9
1
1
1
1
1
1
1
1
1
1
1
1
1
1
1
1
1
1
1
1
1
1
1
1
1
1
2
2
2
1
1
1
1
1
9
2
2
2
2
2
2
2
2
1
1
9
9
9
9
9
9
9
9
9
9
33
1
1
1
1
1
1
1
1
1
1
1
1
1
1
1
1
1
