8.8817842E-16
2.6645353E-15
1.8207658E-14
3.8014036E-14
5.3290705E-14
2.6772235E-14
7.4051876E-14
1.4082562E-13
1.8438584E-13
1.6520119E-13
2.4232468E-13
3.8259993E-13
2.7838049E-13
8.5620400E-13
5.8975047E-13
8.6884748E-13
7.3057609E-13
1.2064268E-12
1.4752644E-12
1.4446856E-12
1.6396581E-12
2.3971549E-12
1.8964830E-12
2.5167424E-12
3.0221979E-12
3.5090285E-12
2.6179693E-12
4.0130964E-12
5.1115852E-12
6.0412177E-12
5.7852612E-12
7.6792444E-12
7.6673308E-12
9.1149437E-12
8.1089209E-12
1.0002377E-11
1.0576382E-11
8.0963156E-12
8.9774854E-12
1.1653551E-11
1.1103922E-11
1.5163602E-11
1.8188602E-11
1.8668010E-11
1.6406316E-11
1.9672623E-11
1.9486635E-11
2.1983576E-11
2.6499549E-11
2.8565943E-11
2.5887839E-11
3.2587300E-11
3.0619721E-11
3.1400305E-11
3.7987581E-11
3.7845095E-11
4.3189054E-11
3.9696005E-11
3.8838266E-11
4.3084137E-11
4.8933789E-11
5.2700927E-11
5.2426008E-11
5.8719689E-11
5.8059281E-11
6.2817572E-11
6.5362748E-11
7.3055558E-11
7.1066733E-11
7.6191548E-11
7.6927304E-11
8.4995000E-11
8.8038717E-11
8.6330469E-11
8.4472593E-11
9.7942041E-11
9.0501418E-11
1.1373185E-10
1.0448131E-10
1.1149889E-10
1.1474323E-10
1.1847938E-10
1.1693347E-10
1.3609932E-10
1.5085496E-10
1.3611808E-10
1.4788348E-10
1.5140993E-10
1.7009138E-10
1.6172987E-10
1.6134352E-10
1.7802539E-10
1.8521379E-10
1.8920964E-10
1.9700787E-10
2.0250525E-10
2.0463129E-10
2.1173327E-10
2.2660288E-10
