1.1000000E-05
3.7000000E-05
4.8000000E-05
0.00026200000
0.00036100000
0.00042700000
0.00040100000
0.0011770000
0.0027290000
0.0039250000
0.0056910000
0.0055000000
0.0044980000
0.0090330000
0.013880000
0.016983000
0.019865000
0.011745000
0.028880000
0.035102000
0.041989000
0.037409000
0.053561000
0.058518000
0.062093000
0.074899000
0.096942000
0.085883000
0.10984500
0.12679500
0.14047300
0.16440900
0.17095800
0.19693300
0.20424300
0.23436800
0.29219300
0.31052700
0.30051400
0.35314200
0.39562000
0.41875400
0.42151500
0.43601800
0.43523100
0.44759400
0.39595200
0.44950000
0.45677900
0.45785300
0.49144000
0.50303000
0.47950400
0.49771500
0.52893200
0.46951200
0.52673300
0.53509900
0.53694300
0.56615800
0.56813900
0.58803300
0.58749100
0.59117200
0.63298000
0.63959400
0.65309800
0.65800800
0.68355000
0.68875300
0.71210000
0.72886400
0.74237300
0.75496000
0.78365600
0.91405600
0.83054800
0.84992200
0.85327600
0.88842600
0.92456400
0.93015300
0.96946100
0.99626100
1.0149640
1.0277950
1.0660970
1.0985410
1.1407900
1.1483730
1.1942950
1.2306210
1.2655030
1.3311290
1.3740150
1.3990350
1.4500020
1.4837300
1.5183970
